Temperature (K)	Pressure (bar)	Density (mol/l)	Volume (l/mol)	Internal Energy (kJ/mol)	Enthalpy (kJ/mol)	Entropy (J/mol*K)	Cv (J/mol*K)	Cp (J/mol*K)	Sound Spd. (m/s)	Joule-Thomson (K/bar)	Viscosity (uPa*s)	Therm. Cond. (W/m*K)	Phase
286.25	20.000	0.96051	1.0411	18.784	20.866	91.743	31.345	46.359	245.64	1.2288	14.646	0.016969	vapor
286.25	21.000	1.0167	0.98357	18.743	20.809	91.189	31.537	47.083	244.57	1.2296	14.671	0.017068	vapor
286.25	22.000	1.0739	0.93115	18.702	20.750	90.651	31.735	47.843	243.50	1.2304	14.698	0.017171	vapor
286.25	23.000	1.1323	0.88318	18.660	20.691	90.126	31.938	48.642	242.40	1.2312	14.726	0.017280	vapor
286.25	24.000	1.1918	0.83910	18.617	20.630	89.615	32.148	49.483	241.29	1.2320	14.756	0.017394	vapor
286.25	25.000	1.2524	0.79844	18.573	20.569	89.114	32.364	50.371	240.16	1.2328	14.788	0.017514	vapor
286.25	26.000	1.3144	0.76080	18.528	20.506	88.622	32.588	51.309	239.02	1.2335	14.821	0.017641	vapor
286.25	27.000	1.3777	0.72584	18.483	20.442	88.140	32.819	52.302	237.85	1.2342	14.856	0.017775	vapor
286.25	28.000	1.4424	0.69327	18.436	20.377	87.664	33.059	53.357	236.67	1.2349	14.893	0.017917	vapor
286.25	29.000	1.5087	0.66283	18.388	20.311	87.194	33.308	54.479	235.46	1.2355	14.933	0.018067	vapor
286.25	30.000	1.5765	0.63430	18.340	20.242	86.730	33.568	55.676	234.23	1.2361	14.974	0.018227	vapor
286.25	31.000	1.6461	0.60749	18.290	20.173	86.270	33.837	56.956	232.97	1.2366	15.018	0.018397	vapor
286.25	32.000	1.7175	0.58224	18.238	20.102	85.813	34.119	58.329	231.69	1.2371	15.064	0.018578	vapor
286.25	33.000	1.7909	0.55838	18.186	20.028	85.359	34.414	59.807	230.38	1.2375	15.113	0.018772	vapor
286.25	34.000	1.8664	0.53580	18.132	19.953	84.906	34.723	61.404	229.05	1.2379	15.165	0.018981	vapor
286.25	35.000	1.9441	0.51437	18.076	19.876	84.453	35.048	63.135	227.67	1.2381	15.220	0.019205	vapor
286.25	36.000	2.0244	0.49398	18.019	19.797	84.000	35.391	65.021	226.27	1.2382	15.279	0.019446	vapor
286.25	37.000	2.1073	0.47454	17.959	19.715	83.545	35.753	67.084	224.82	1.2382	15.342	0.019709	vapor
286.25	38.000	2.1932	0.45596	17.898	19.631	83.088	36.138	69.355	223.33	1.2381	15.408	0.019994	vapor
286.25	39.000	2.2823	0.43816	17.835	19.543	82.626	36.548	71.868	221.80	1.2378	15.480	0.020306	vapor
286.25	40.000	2.3749	0.42107	17.769	19.453	82.159	36.987	74.670	220.21	1.2374	15.557	0.020649	vapor
286.25	41.000	2.4716	0.40460	17.700	19.359	81.686	37.459	77.817	218.57	1.2367	15.639	0.021028	vapor
286.25	42.000	2.5727	0.38869	17.628	19.260	81.204	37.971	81.386	216.86	1.2358	15.729	0.021449	vapor
286.25	43.000	2.6789	0.37328	17.552	19.157	80.711	38.528	85.476	215.07	1.2346	15.825	0.021922	vapor
286.25	44.000	2.7910	0.35830	17.472	19.049	80.205	39.141	90.224	213.20	1.2330	15.931	0.022458	vapor
286.25	45.000	2.9098	0.34367	17.388	18.934	79.682	39.822	95.822	211.22	1.2310	16.047	0.023071	vapor
286.25	46.000	3.0365	0.32932	17.298	18.813	79.139	40.589	102.55	209.13	1.2284	16.175	0.023783	vapor
286.25	47.000	3.1729	0.31517	17.201	18.682	78.570	41.469	110.84	206.88	1.2251	16.317	0.024625	vapor
286.25	48.000	3.3213	0.30109	17.095	18.540	77.967	42.501	121.40	204.43	1.2208	16.478	0.025645	vapor
286.25	48.584	3.4148	0.29285	17.028	18.451	77.595	43.200	129.08	202.89	1.2178	16.583	0.026351	vapor
286.25	48.584	19.021	0.052574	10.061	10.317	49.179	43.082	142.62	410.31	0.094667	77.520	0.094244	liquid
286.25	49.000	19.039	0.052523	10.054	10.311	49.152	43.024	141.90	412.01	0.093826	77.683	0.094368	liquid
286.25	50.000	19.083	0.052403	10.036	10.298	49.087	42.891	140.24	416.01	0.091871	78.069	0.094663	liquid
286.25	51.000	19.125	0.052287	10.019	10.285	49.025	42.769	138.67	419.88	0.090003	78.447	0.094954	liquid
286.25	52.000	19.166	0.052175	10.002	10.273	48.964	42.655	137.19	423.63	0.088215	78.817	0.095240	liquid
286.25	53.000	19.207	0.052065	9.9853	10.261	48.904	42.549	135.79	427.27	0.086501	79.181	0.095522	liquid
286.25	54.000	19.246	0.051959	9.9691	10.250	48.845	42.451	134.47	430.81	0.084856	79.538	0.095800	liquid
286.25	55.000	19.284	0.051856	9.9532	10.238	48.788	42.359	133.21	434.24	0.083274	79.888	0.096074	liquid
286.25	56.000	19.322	0.051755	9.9377	10.227	48.731	42.273	132.01	437.59	0.081752	80.233	0.096344	liquid
286.25	57.000	19.358	0.051657	9.9224	10.217	48.676	42.192	130.87	440.85	0.080285	80.572	0.096610	liquid
286.25	58.000	19.394	0.051562	9.9074	10.206	48.622	42.116	129.78	444.04	0.078869	80.906	0.096874	liquid
286.25	59.000	19.429	0.051469	9.8927	10.196	48.569	42.045	128.74	447.14	0.077502	81.235	0.097133	liquid
286.25	60.000	19.464	0.051377	9.8782	10.187	48.516	41.978	127.74	450.18	0.076180	81.559	0.097390	liquid
286.25	61.000	19.498	0.051288	9.8640	10.177	48.465	41.915	126.78	453.15	0.074901	81.878	0.097643	liquid
286.25	62.000	19.531	0.051201	9.8501	10.168	48.414	41.855	125.87	456.05	0.073662	82.193	0.097894	liquid
286.25	63.000	19.563	0.051116	9.8363	10.158	48.364	41.799	124.99	458.90	0.072461	82.504	0.098141	liquid
286.25	64.000	19.595	0.051033	9.8228	10.149	48.315	41.746	124.14	461.68	0.071296	82.811	0.098386	liquid
286.25	65.000	19.627	0.050951	9.8095	10.141	48.267	41.695	123.32	464.42	0.070165	83.114	0.098628	liquid
286.25	66.000	19.658	0.050871	9.7963	10.132	48.219	41.647	122.54	467.10	0.069067	83.414	0.098867	liquid
286.25	67.000	19.688	0.050792	9.7834	10.124	48.172	41.602	121.78	469.73	0.067999	83.710	0.099103	liquid
286.25	68.000	19.718	0.050715	9.7707	10.116	48.126	41.559	121.05	472.31	0.066960	84.002	0.099338	liquid
286.25	69.000	19.747	0.050640	9.7581	10.108	48.080	41.517	120.34	474.85	0.065948	84.292	0.099569	liquid
286.25	70.000	19.776	0.050565	9.7457	10.100	48.035	41.478	119.66	477.35	0.064963	84.578	0.099799	liquid
286.25	71.000	19.805	0.050493	9.7335	10.092	47.990	41.441	119.00	479.81	0.064004	84.861	0.10003	liquid
286.25	72.000	19.833	0.050421	9.7214	10.084	47.946	41.406	118.36	482.22	0.063068	85.142	0.10025	liquid
286.25	73.000	19.861	0.050351	9.7095	10.077	47.903	41.372	117.74	484.60	0.062155	85.419	0.10047	liquid
286.25	74.000	19.888	0.050281	9.6977	10.070	47.860	41.339	117.14	486.94	0.061265	85.694	0.10069	liquid
286.25	75.000	19.915	0.050213	9.6861	10.063	47.818	41.308	116.55	489.25	0.060395	85.966	0.10091	liquid
286.25	76.000	19.942	0.050146	9.6746	10.056	47.776	41.279	115.99	491.52	0.059546	86.236	0.10113	liquid
286.25	77.000	19.968	0.050080	9.6632	10.049	47.734	41.251	115.44	493.76	0.058716	86.503	0.10134	liquid
286.25	78.000	19.994	0.050015	9.6520	10.042	47.693	41.224	114.90	495.97	0.057904	86.768	0.10156	liquid
286.25	79.000	20.019	0.049951	9.6409	10.036	47.653	41.198	114.38	498.14	0.057110	87.031	0.10177	liquid
286.25	80.000	20.045	0.049889	9.6300	10.029	47.613	41.173	113.87	500.29	0.056334	87.291	0.10198	liquid
286.25	81.000	20.070	0.049826	9.6191	10.023	47.573	41.149	113.38	502.41	0.055574	87.549	0.10218	liquid
286.25	82.000	20.094	0.049765	9.6084	10.016	47.534	41.126	112.90	504.51	0.054830	87.805	0.10239	liquid
286.25	83.000	20.119	0.049705	9.5978	10.010	47.495	41.104	112.43	506.58	0.054101	88.059	0.10259	liquid
286.25	84.000	20.143	0.049646	9.5873	10.004	47.457	41.083	111.98	508.62	0.053387	88.311	0.10279	liquid
286.25	85.000	20.167	0.049587	9.5769	9.9984	47.419	41.063	111.53	510.63	0.052687	88.561	0.10299	liquid
286.25	86.000	20.190	0.049529	9.5666	9.9925	47.381	41.044	111.10	512.63	0.052001	88.810	0.10319	liquid
286.25	87.000	20.213	0.049472	9.5564	9.9868	47.344	41.025	110.67	514.60	0.051328	89.056	0.10339	liquid
286.25	88.000	20.236	0.049416	9.5463	9.9812	47.307	41.007	110.26	516.55	0.050668	89.301	0.10359	liquid
286.25	89.000	20.259	0.049360	9.5363	9.9756	47.270	40.990	109.86	518.47	0.050021	89.544	0.10378	liquid
286.25	90.000	20.282	0.049306	9.5264	9.9702	47.234	40.973	109.46	520.38	0.049385	89.785	0.10398	liquid
286.25	91.000	20.304	0.049251	9.5166	9.9648	47.198	40.957	109.08	522.26	0.048761	90.024	0.10417	liquid
286.25	92.000	20.326	0.049198	9.5069	9.9596	47.162	40.942	108.70	524.12	0.048149	90.262	0.10436	liquid
286.25	93.000	20.348	0.049145	9.4973	9.9544	47.127	40.927	108.33	525.97	0.047547	90.499	0.10455	liquid
286.25	94.000	20.370	0.049093	9.4878	9.9493	47.092	40.913	107.97	527.80	0.046955	90.734	0.10473	liquid
286.25	95.000	20.391	0.049041	9.4783	9.9442	47.057	40.899	107.62	529.60	0.046374	90.967	0.10492	liquid
286.25	96.000	20.412	0.048990	9.4690	9.9393	47.023	40.886	107.27	531.39	0.045803	91.199	0.10511	liquid
286.25	97.000	20.433	0.048940	9.4597	9.9344	46.989	40.873	106.93	533.17	0.045242	91.430	0.10529	liquid
286.25	98.000	20.454	0.048890	9.4505	9.9296	46.955	40.861	106.60	534.92	0.044689	91.659	0.10547	liquid
286.25	99.000	20.475	0.048841	9.4413	9.9249	46.921	40.849	106.27	536.66	0.044146	91.887	0.10565	liquid
286.25	100.00	20.495	0.048792	9.4323	9.9202	46.888	40.837	105.95	538.38	0.043612	92.113	0.10584	liquid
286.25	101.00	20.515	0.048744	9.4233	9.9156	46.855	40.826	105.64	540.09	0.043086	92.338	0.10601	liquid
286.25	102.00	20.535	0.048696	9.4144	9.9111	46.822	40.816	105.33	541.78	0.042569	92.562	0.10619	liquid
286.25	103.00	20.555	0.048649	9.4056	9.9067	46.790	40.805	105.03	543.46	0.042060	92.785	0.10637	liquid
286.25	104.00	20.575	0.048603	9.3968	9.9023	46.757	40.795	104.74	545.12	0.041558	93.006	0.10655	liquid
286.25	105.00	20.595	0.048557	9.3881	9.8980	46.725	40.786	104.45	546.77	0.041064	93.226	0.10672	liquid
286.25	106.00	20.614	0.048511	9.3795	9.8937	46.693	40.776	104.16	548.40	0.040578	93.445	0.10689	liquid
286.25	107.00	20.633	0.048466	9.3709	9.8895	46.662	40.767	103.88	550.02	0.040099	93.663	0.10707	liquid
286.25	108.00	20.652	0.048421	9.3624	9.8854	46.630	40.759	103.61	551.63	0.039627	93.880	0.10724	liquid
286.25	109.00	20.671	0.048377	9.3540	9.8813	46.599	40.750	103.34	553.22	0.039162	94.095	0.10741	liquid
286.25	110.00	20.690	0.048333	9.3456	9.8773	46.568	40.742	103.07	554.80	0.038704	94.310	0.10758	liquid
286.25	111.00	20.708	0.048289	9.3373	9.8733	46.538	40.734	102.81	556.37	0.038252	94.523	0.10775	liquid
286.25	112.00	20.727	0.048246	9.3290	9.8694	46.507	40.727	102.55	557.93	0.037807	94.736	0.10792	liquid
286.25	113.00	20.745	0.048204	9.3208	9.8656	46.477	40.720	102.30	559.47	0.037368	94.947	0.10809	liquid
286.25	114.00	20.763	0.048162	9.3127	9.8618	46.447	40.712	102.06	561.01	0.036935	95.158	0.10825	liquid
286.25	115.00	20.781	0.048120	9.3046	9.8580	46.417	40.706	101.81	562.53	0.036508	95.367	0.10842	liquid
286.25	116.00	20.799	0.048079	9.2966	9.8543	46.387	40.699	101.57	564.04	0.036087	95.576	0.10858	liquid
286.25	117.00	20.817	0.048038	9.2886	9.8507	46.358	40.693	101.34	565.54	0.035671	95.783	0.10874	liquid
286.25	118.00	20.835	0.047997	9.2807	9.8471	46.328	40.686	101.10	567.03	0.035261	95.990	0.10891	liquid
286.25	119.00	20.852	0.047957	9.2729	9.8436	46.299	40.680	100.88	568.50	0.034856	96.196	0.10907	liquid
286.25	120.00	20.870	0.047917	9.2651	9.8401	46.270	40.675	100.65	569.97	0.034457	96.400	0.10923	liquid
