Temperature (K)	Pressure (bar)	Density (mol/l)	Volume (l/mol)	Internal Energy (kJ/mol)	Enthalpy (kJ/mol)	Entropy (J/mol*K)	Cv (J/mol*K)	Cp (J/mol*K)	Sound Spd. (m/s)	Joule-Thomson (K/bar)	Viscosity (uPa*s)	Therm. Cond. (W/m*K)	Phase
340.00	20.000	0.75770	1.3198	20.611	23.251	99.384	31.971	43.420	275.45	0.78504	17.142	0.020992	vapor
340.00	21.000	0.79853	1.2523	20.587	23.216	98.905	32.041	43.684	274.92	0.78479	17.158	0.021051	vapor
340.00	22.000	0.83967	1.1909	20.562	23.182	98.445	32.111	43.952	274.40	0.78453	17.175	0.021110	vapor
340.00	23.000	0.88114	1.1349	20.537	23.147	98.002	32.182	44.226	273.88	0.78424	17.192	0.021171	vapor
340.00	24.000	0.92293	1.0835	20.512	23.113	97.573	32.254	44.505	273.36	0.78394	17.210	0.021234	vapor
340.00	25.000	0.96506	1.0362	20.487	23.078	97.159	32.326	44.789	272.84	0.78361	17.229	0.021297	vapor
340.00	26.000	1.0075	0.99254	20.462	23.042	96.757	32.398	45.078	272.31	0.78326	17.248	0.021363	vapor
340.00	27.000	1.0503	0.95208	20.436	23.007	96.367	32.471	45.373	271.79	0.78290	17.268	0.021429	vapor
340.00	28.000	1.0935	0.91451	20.411	22.971	95.987	32.545	45.673	271.26	0.78251	17.289	0.021497	vapor
340.00	29.000	1.1370	0.87951	20.385	22.936	95.618	32.619	45.979	270.74	0.78210	17.310	0.021567	vapor
340.00	30.000	1.1809	0.84683	20.359	22.900	95.258	32.694	46.292	270.21	0.78167	17.332	0.021638	vapor
340.00	31.000	1.2251	0.81624	20.333	22.863	94.907	32.769	46.610	269.69	0.78121	17.355	0.021711	vapor
340.00	32.000	1.2698	0.78755	20.307	22.827	94.564	32.844	46.935	269.16	0.78073	17.378	0.021785	vapor
340.00	33.000	1.3148	0.76059	20.280	22.790	94.228	32.921	47.266	268.64	0.78022	17.402	0.021861	vapor
340.00	34.000	1.3602	0.73520	20.253	22.753	93.899	32.998	47.603	268.11	0.77969	17.428	0.021939	vapor
340.00	35.000	1.4060	0.71125	20.226	22.716	93.577	33.075	47.948	267.58	0.77913	17.453	0.022019	vapor
340.00	36.000	1.4522	0.68862	20.199	22.678	93.261	33.153	48.300	267.06	0.77855	17.480	0.022100	vapor
340.00	37.000	1.4988	0.66720	20.172	22.640	92.951	33.232	48.659	266.53	0.77794	17.508	0.022184	vapor
340.00	38.000	1.5459	0.64689	20.144	22.603	92.646	33.311	49.026	266.00	0.77730	17.536	0.022269	vapor
340.00	39.000	1.5933	0.62762	20.117	22.564	92.346	33.391	49.400	265.48	0.77663	17.565	0.022356	vapor
340.00	40.000	1.6413	0.60929	20.089	22.526	92.051	33.471	49.782	264.95	0.77593	17.596	0.022446	vapor
340.00	41.000	1.6896	0.59185	20.060	22.487	91.760	33.552	50.173	264.42	0.77520	17.627	0.022537	vapor
340.00	42.000	1.7384	0.57523	20.032	22.448	91.474	33.634	50.572	263.89	0.77443	17.659	0.022631	vapor
340.00	43.000	1.7877	0.55936	20.003	22.409	91.191	33.716	50.980	263.37	0.77364	17.692	0.022727	vapor
340.00	44.000	1.8375	0.54421	19.975	22.369	90.913	33.799	51.396	262.84	0.77281	17.726	0.022825	vapor
340.00	45.000	1.8878	0.52972	19.945	22.329	90.638	33.883	51.823	262.31	0.77194	17.761	0.022926	vapor
340.00	46.000	1.9385	0.51585	19.916	22.289	90.366	33.967	52.258	261.79	0.77104	17.797	0.023029	vapor
340.00	47.000	1.9898	0.50256	19.887	22.249	90.097	34.052	52.704	261.26	0.77011	17.834	0.023134	vapor
340.00	48.000	2.0416	0.48982	19.857	22.208	89.831	34.138	53.160	260.73	0.76913	17.873	0.023243	vapor
340.00	49.000	2.0939	0.47758	19.827	22.167	89.568	34.224	53.627	260.21	0.76812	17.912	0.023354	vapor
340.00	50.000	2.1468	0.46582	19.796	22.126	89.308	34.311	54.104	259.68	0.76706	17.953	0.023467	vapor
340.00	51.000	2.2002	0.45451	19.766	22.084	89.050	34.399	54.593	259.16	0.76597	17.995	0.023584	vapor
340.00	52.000	2.2541	0.44363	19.735	22.042	88.795	34.488	55.094	258.63	0.76483	18.038	0.023704	vapor
340.00	53.000	2.3087	0.43314	19.704	22.000	88.541	34.577	55.607	258.11	0.76364	18.083	0.023826	vapor
340.00	54.000	2.3639	0.42304	19.673	21.957	88.290	34.667	56.132	257.59	0.76242	18.128	0.023952	vapor
340.00	55.000	2.4196	0.41329	19.641	21.914	88.041	34.758	56.670	257.07	0.76114	18.176	0.024081	vapor
340.00	56.000	2.4760	0.40388	19.609	21.871	87.793	34.849	57.222	256.55	0.75982	18.224	0.024214	vapor
340.00	57.000	2.5330	0.39479	19.577	21.827	87.547	34.942	57.787	256.03	0.75845	18.274	0.024350	vapor
340.00	58.000	2.5906	0.38601	19.544	21.783	87.303	35.035	58.367	255.51	0.75703	18.326	0.024489	vapor
340.00	59.000	2.6490	0.37751	19.511	21.739	87.060	35.129	58.961	254.99	0.75556	18.379	0.024632	vapor
340.00	60.000	2.7079	0.36928	19.478	21.694	86.819	35.223	59.571	254.48	0.75403	18.433	0.024779	vapor
340.00	61.000	2.7676	0.36132	19.445	21.649	86.579	35.319	60.197	253.97	0.75245	18.490	0.024930	vapor
340.00	62.000	2.8280	0.35360	19.411	21.603	86.340	35.415	60.839	253.46	0.75081	18.548	0.025085	vapor
340.00	63.000	2.8892	0.34612	19.377	21.557	86.102	35.512	61.499	252.95	0.74912	18.607	0.025244	vapor
340.00	64.000	2.9510	0.33886	19.342	21.511	85.865	35.611	62.176	252.44	0.74736	18.669	0.025408	vapor
340.00	65.000	3.0137	0.33182	19.308	21.465	85.629	35.709	62.871	251.94	0.74554	18.732	0.025576	vapor
340.00	66.000	3.0771	0.32498	19.273	21.417	85.394	35.809	63.585	251.43	0.74366	18.797	0.025749	vapor
340.00	67.000	3.1413	0.31834	19.237	21.370	85.160	35.910	64.320	250.93	0.74171	18.865	0.025926	vapor
340.00	68.000	3.2064	0.31188	19.201	21.322	84.926	36.011	65.074	250.44	0.73970	18.934	0.026109	vapor
340.00	69.000	3.2723	0.30560	19.165	21.274	84.693	36.114	65.850	249.94	0.73762	19.005	0.026296	vapor
340.00	70.000	3.3390	0.29949	19.128	21.225	84.461	36.217	66.647	249.45	0.73547	19.079	0.026489	vapor
340.00	71.000	3.4067	0.29354	19.092	21.176	84.229	36.321	67.468	248.97	0.73324	19.154	0.026688	vapor
340.00	72.000	3.4752	0.28775	19.054	21.126	83.997	36.427	68.311	248.49	0.73094	19.232	0.026892	vapor
340.00	73.000	3.5447	0.28211	19.016	21.076	83.766	36.533	69.180	248.01	0.72856	19.313	0.027101	vapor
340.00	74.000	3.6151	0.27661	18.978	21.025	83.535	36.640	70.074	247.53	0.72610	19.396	0.027317	vapor
340.00	74.000	3.6151	0.27661	18.978	21.025	83.535	36.640	70.074	247.53	0.72610	19.396	0.027317	supercritical
340.00	74.000	3.6151	0.27661	18.978	21.025	83.535	36.640	70.074	247.53	0.72610	19.396	0.027317	supercritical
340.00	75.000	3.6866	0.27126	18.940	20.974	83.304	36.748	70.994	247.06	0.72356	19.481	0.027539	supercritical
340.00	76.000	3.7590	0.26603	18.901	20.922	83.073	36.857	71.941	246.60	0.72094	19.570	0.027767	supercritical
340.00	77.000	3.8324	0.26093	18.861	20.870	82.842	36.966	72.917	246.14	0.71823	19.660	0.028002	supercritical
340.00	78.000	3.9069	0.25595	18.821	20.818	82.611	37.077	73.921	245.68	0.71543	19.754	0.028244	supercritical
340.00	79.000	3.9825	0.25110	18.781	20.765	82.381	37.189	74.957	245.24	0.71255	19.851	0.028493	supercritical
340.00	80.000	4.0593	0.24635	18.740	20.711	82.149	37.302	76.023	244.79	0.70957	19.951	0.028749	supercritical
340.00	81.000	4.1371	0.24171	18.699	20.657	81.918	37.415	77.123	244.36	0.70649	20.054	0.029012	supercritical
340.00	82.000	4.2161	0.23718	18.657	20.602	81.687	37.530	78.256	243.93	0.70332	20.160	0.029283	supercritical
340.00	83.000	4.2964	0.23275	18.615	20.547	81.455	37.645	79.424	243.51	0.70004	20.270	0.029562	supercritical
340.00	84.000	4.3778	0.22842	18.572	20.491	81.223	37.762	80.628	243.10	0.69666	20.383	0.029849	supercritical
340.00	85.000	4.4606	0.22419	18.529	20.434	80.990	37.879	81.869	242.69	0.69318	20.500	0.030144	supercritical
340.00	86.000	4.5446	0.22004	18.485	20.377	80.757	37.997	83.148	242.30	0.68958	20.620	0.030448	supercritical
340.00	87.000	4.6300	0.21598	18.440	20.320	80.523	38.116	84.468	241.92	0.68588	20.745	0.030760	supercritical
340.00	88.000	4.7167	0.21201	18.396	20.261	80.289	38.236	85.828	241.54	0.68206	20.873	0.031081	supercritical
340.00	89.000	4.8048	0.20812	18.350	20.202	80.054	38.356	87.230	241.18	0.67813	21.006	0.031412	supercritical
340.00	90.000	4.8944	0.20432	18.304	20.143	79.819	38.478	88.676	240.83	0.67407	21.144	0.031752	supercritical
340.00	91.000	4.9854	0.20058	18.258	20.083	79.583	38.600	90.166	240.49	0.66990	21.285	0.032101	supercritical
340.00	92.000	5.0780	0.19693	18.210	20.022	79.346	38.723	91.701	240.16	0.66559	21.432	0.032460	supercritical
340.00	93.000	5.1720	0.19335	18.163	19.961	79.108	38.846	93.282	239.85	0.66117	21.583	0.032829	supercritical
340.00	94.000	5.2677	0.18984	18.114	19.899	78.869	38.970	94.911	239.55	0.65661	21.740	0.033209	supercritical
340.00	95.000	5.3649	0.18640	18.065	19.836	78.629	39.094	96.587	239.27	0.65191	21.902	0.033598	supercritical
340.00	96.000	5.4638	0.18302	18.016	19.773	78.389	39.219	98.312	239.01	0.64709	22.069	0.033997	supercritical
340.00	97.000	5.5643	0.17972	17.966	19.709	78.148	39.344	100.09	238.76	0.64212	22.242	0.034407	supercritical
340.00	98.000	5.6666	0.17647	17.915	19.644	77.905	39.470	101.91	238.53	0.63702	22.420	0.034828	supercritical
340.00	99.000	5.7706	0.17329	17.864	19.579	77.662	39.595	103.78	238.33	0.63177	22.605	0.035258	supercritical
340.00	100.00	5.8763	0.17017	17.811	19.513	77.418	39.721	105.70	238.14	0.62638	22.796	0.035700	supercritical
340.00	101.00	5.9838	0.16712	17.759	19.447	77.172	39.846	107.67	237.98	0.62084	22.994	0.036151	supercritical
340.00	102.00	6.0931	0.16412	17.706	19.380	76.926	39.971	109.68	237.84	0.61516	23.198	0.036613	supercritical
340.00	103.00	6.2043	0.16118	17.652	19.312	76.679	40.096	111.74	237.73	0.60933	23.409	0.037085	supercritical
340.00	104.00	6.3172	0.15830	17.597	19.243	76.431	40.220	113.84	237.64	0.60336	23.627	0.037567	supercritical
340.00	105.00	6.4320	0.15547	17.542	19.174	76.182	40.343	115.98	237.59	0.59723	23.852	0.038058	supercritical
340.00	106.00	6.5487	0.15270	17.486	19.105	75.932	40.465	118.16	237.56	0.59096	24.085	0.038559	supercritical
340.00	107.00	6.6672	0.14999	17.430	19.035	75.681	40.586	120.37	237.57	0.58454	24.325	0.039069	supercritical
340.00	108.00	6.7875	0.14733	17.373	18.964	75.430	40.706	122.60	237.61	0.57797	24.573	0.039587	supercritical
340.00	109.00	6.9096	0.14473	17.316	18.893	75.178	40.823	124.86	237.69	0.57127	24.829	0.040113	supercritical
340.00	110.00	7.0335	0.14218	17.258	18.821	74.925	40.939	127.13	237.81	0.56442	25.093	0.040647	supercritical
340.00	111.00	7.1591	0.13968	17.199	18.750	74.672	41.052	129.41	237.97	0.55744	25.365	0.041187	supercritical
340.00	112.00	7.2864	0.13724	17.140	18.677	74.419	41.163	131.70	238.17	0.55033	25.646	0.041733	supercritical
340.00	113.00	7.4154	0.13485	17.081	18.605	74.165	41.270	133.97	238.41	0.54310	25.935	0.042285	supercritical
340.00	114.00	7.5460	0.13252	17.021	18.532	73.911	41.375	136.23	238.70	0.53575	26.232	0.042840	supercritical
340.00	115.00	7.6780	0.13024	16.961	18.459	73.658	41.476	138.46	239.04	0.52829	26.538	0.043399	supercritical
340.00	116.00	7.8114	0.12802	16.900	18.385	73.405	41.573	140.65	239.43	0.52072	26.852	0.043961	supercritical
340.00	117.00	7.9462	0.12585	16.840	18.312	73.152	41.666	142.80	239.87	0.51307	27.174	0.044524	supercritical
340.00	118.00	8.0821	0.12373	16.779	18.239	72.900	41.755	144.89	240.37	0.50534	27.505	0.045087	supercritical
340.00	119.00	8.2190	0.12167	16.718	18.166	72.648	41.839	146.91	240.92	0.49753	27.843	0.045651	supercritical
340.00	120.00	8.3569	0.11966	16.657	18.093	72.398	41.919	148.85	241.54	0.48966	28.190	0.046212	supercritical
